147
1 0 1.38623e-15 0
3 0 1.38623e-15 0
5 0 1.38623e-15 0
7 0 1.38623e-15 0
9 0 5.25045e-15 0
12 0 5.31502e-15 0
14 0 1.03337e-15 0
15 0 1.14264e-15 0
18 0 1.03337e-15 0
20 0 1.7218e-15 0
21 0 1.83107e-15 0
24 0 1.7218e-15 0
25 0 1.19439e-15 0
26 0 1.24626e-15 0
27 0 1.19439e-15 0
28 0 1.53254e-15 0
29 0 2.40702e-15 0
30 0 3.08352e-17 0
31 0 8.77039e-16 0
32 0 1.0508e-15 0
34 0 9.88982e-16 0
35 0 1.4671e-15 0
36 0 4.37461e-15 0
38 0 3.54874e-15 0
40 0 5.33364e-15 0
43 0 5.65653e-15 0
45 0 1.03337e-15 0
46 0 1.2959e-15 0
49 0 1.22552e-15 0
51 0 1.7218e-15 0
52 0 2.03027e-15 0
55 0 1.98656e-15 0
56 0 1.19439e-15 0
57 0 1.28471e-15 0
58 0 1.24256e-15 0
59 0 1.64111e-15 0
60 0 2.44389e-15 0
61 0 3.08352e-17 0
62 0 8.77039e-16 0
63 0 1.0508e-15 0
65 0 9.88982e-16 0
66 0 1.4671e-15 0
67 0 4.37461e-15 0
69 0 3.54874e-15 0
71 0 5.33364e-15 0
74 0 5.65653e-15 0
76 0 1.03337e-15 0
77 0 1.2959e-15 0
80 0 1.22552e-15 0
82 0 1.7218e-15 0
83 0 2.03027e-15 0
86 0 1.98656e-15 0
87 0 1.19439e-15 0
88 0 1.28471e-15 0
89 0 1.24256e-15 0
90 0 1.64111e-15 0
91 0 2.44389e-15 0
92 0 3.08352e-17 0
93 0 8.77039e-16 0
94 0 1.0508e-15 0
96 0 9.88982e-16 0
97 0 1.4671e-15 0
98 0 4.37461e-15 0
100 0 3.54874e-15 0
102 0 5.33364e-15 0
105 0 5.65653e-15 0
107 0 1.03337e-15 0
108 0 1.2959e-15 0
111 0 1.22552e-15 0
113 0 1.7218e-15 0
114 0 2.03027e-15 0
117 0 1.98656e-15 0
118 0 1.19439e-15 0
119 0 1.28471e-15 0
120 0 1.24256e-15 0
121 0 1.60029e-15 0
122 0 2.30026e-15 0
123 0 3.08352e-17 0
124 0 7.89187e-16 0
125 0 1.0508e-15 0
127 0 7.94712e-16 0
128 0 1.4671e-15 0
129 0 3.82545e-15 0
131 0 3.54874e-15 0
132 0 4.67863e-15 0
133 0 4.67863e-15 0
134 0 4.67863e-15 0
135 0 4.25648e-15 0
136 0 5.18688e-16 0
137 0 9.81516e-14 0
138 0 6.23215e-16 0
139 0 6.23215e-16 0
140 0 6.23215e-16 0
141 0 1.66516e-14 0
142 0 3.7592e-14 0
143 0 5.16333e-14 0
144 0 3.54998e-15 0
145 0 3.54998e-15 0
146 0 3.54998e-15 0
147 0 3.45628e-15 0
